#z = 0.0, b_rm = 1.27
# R[Mpc] xi_gg(R,z) xi_gg_1h(R,z)
1.000000e-01 1.382368e+03 1.353672e+03
1.100000e-01 1.129538e+03 1.160451e+03
1.210000e-01 9.869986e+02 9.899861e+02
1.331000e-01 8.511019e+02 8.479079e+02
1.464100e-01 7.170826e+02 7.236340e+02
1.610510e-01 6.397202e+02 6.171588e+02
1.771561e-01 5.274941e+02 5.277413e+02
1.948717e-01 4.538385e+02 4.489791e+02
2.143589e-01 3.867211e+02 3.815139e+02
2.357948e-01 3.402145e+02 3.224984e+02
2.593742e-01 2.901120e+02 2.716259e+02
2.853117e-01 2.407943e+02 2.271917e+02
3.138428e-01 2.043657e+02 1.892911e+02
3.452271e-01 1.720202e+02 1.568772e+02
3.797498e-01 1.398982e+02 1.295326e+02
4.177248e-01 1.186608e+02 1.062480e+02
4.594973e-01 9.673241e+01 8.683479e+01
5.054470e-01 8.000885e+01 7.024599e+01
5.559917e-01 6.441724e+01 5.653663e+01
6.115909e-01 5.283373e+01 4.498096e+01
6.727500e-01 4.293001e+01 3.547984e+01
7.400250e-01 3.474380e+01 2.755840e+01
8.140275e-01 2.824397e+01 2.117051e+01
8.954302e-01 2.274163e+01 1.590842e+01
9.849733e-01 1.784051e+01 1.179523e+01
1.083471e+00 1.429683e+01 8.480651e+00
1.191818e+00 1.096245e+01 5.992844e+00
1.310999e+00 8.893947e+00 4.083366e+00
1.442099e+00 6.877745e+00 2.706219e+00
1.586309e+00 5.641498e+00 1.730441e+00
1.744940e+00 4.644286e+00 1.064321e+00
1.919434e+00 3.891761e+00 6.386425e-01
2.111378e+00 3.281785e+00 3.667385e-01
2.322515e+00 2.829337e+00 2.104127e-01
2.554767e+00 2.484321e+00 1.184739e-01
2.810244e+00 2.127375e+00 6.974849e-02
3.091268e+00 1.872916e+00 4.366723e-02
3.400395e+00 1.665345e+00 2.906059e-02
3.740434e+00 1.506190e+00 2.195365e-02
4.114478e+00 1.291889e+00 1.657238e-02
4.525926e+00 1.115184e+00 1.408634e-02
4.978518e+00 9.942574e-01 1.106065e-02
5.476370e+00 8.640238e-01 9.494645e-03
6.024007e+00 7.442040e-01 7.770523e-03
6.626408e+00 6.320062e-01 6.247171e-03
7.289048e+00 5.616723e-01 5.498199e-03
8.017953e+00 4.574047e-01 4.071256e-03
8.819749e+00 3.874903e-01 3.855414e-03
9.701723e+00 3.360941e-01 2.681572e-03
1.067190e+01 2.775894e-01 2.669718e-03
1.173909e+01 2.239145e-01 1.769541e-03
1.291299e+01 1.853233e-01 1.865398e-03
1.420429e+01 1.480827e-01 1.117032e-03
1.562472e+01 1.201037e-01 1.287538e-03
1.718719e+01 9.438282e-02 6.764024e-04
1.890591e+01 7.398370e-02 8.726911e-04
